function [Ra,decl] = sunposJ2000

Ra   = 18 + 45/60 + 9.36/3600;
decl = -(23 + 2/60 + 8.2/3600);

